2	3	4	0.49999995	42.28327	-85.6154	42.28327	-85.6154
2	4	3	0.9999999	42.28327	-85.6154	42.28327	-85.6154
4	1	6	0.49999995	52.51173	13.32667	43.71711	10.39802
4	6	1	0.9999999	43.71711	10.39802	52.51173	13.32667
5	7	8	0.249999975	49.87488	8.65648	39.59167	2.62025
5	8	7	0.49999995	39.59167	2.62025	49.87488	8.65648
5	9	10	0.749999925	-32.89324	151.70265	48.46478	-123.31066
5	10	9	0.9999999	48.46478	-123.31066	-32.89324	151.70265
6	11	12	0.14285712857142857	49.9267	11.58077	49.9267	11.58077
6	12	11	0.28571425714285714	49.9267	11.58077	49.9267	11.58077
6	13	14	0.4285713857142857	45.38366	-75.69745	45.42237	-75.68308
6	14	13	0.5714285142857143	45.42237	-75.68308	45.38366	-75.69745
6	15	16	0.7142856428571429	39.32894	-76.62049	41.82616	-71.40396
6	15	17	0.7142856428571429	39.32894	-76.62049	36.00122	-78.9381
6	16	15	0.8571427714285714	41.82616	-71.40396	39.32894	-76.62049
6	16	17	0.8571427714285714	41.82616	-71.40396	36.00122	-78.9381
6	17	15	0.9999998999999999	36.00122	-78.9381	39.32894	-76.62049
6	17	16	0.9999998999999999	36.00122	-78.9381	41.82616	-71.40396
7	21	22	0.49999995	53.52467	-113.52287	51.91816	4.52604
7	22	21	0.9999999	51.91816	4.52604	53.52467	-113.52287
8	24	25	0.16666665	34.08683	-117.31155	40.80374	-73.95371
8	25	24	0.3333333	40.80374	-73.95371	34.08683	-117.31155
8	26	27	0.49999994999999997	35.17795	136.94924	34.70549	135.50018
8	27	26	0.6666666	34.70549	135.50018	35.17795	136.94924
8	28	29	0.83333325	36.14171	-86.80145	-33.96	18.46
8	29	28	0.9999998999999999	-33.96	18.46	36.14171	-86.80145
9	0	18	0.19999998000000002	52.16155	4.4823	51.70862	8.772590000000001
9	0	31	0.19999998000000002	52.16155	4.4823	55.78412	12.51906
9	18	31	0.39999996000000004	51.70862	8.772590000000001	55.78412	12.51906
9	18	0	0.39999996000000004	51.70862	8.772590000000001	52.16155	4.4823
9	31	18	0.59999994	55.78412	12.51906	51.70862	8.772590000000001
9	31	0	0.59999994	55.78412	12.51906	52.16155	4.4823
9	32	33	0.7999999200000001	51.70862	8.772590000000001	51.70862	8.772590000000001
9	33	32	0.9999999000000002	51.70862	8.772590000000001	51.70862	8.772590000000001
10	20	36	0.09999999000000001	37.42489	-122.16899	49.27906	-122.91755
10	34	35	0.19999998000000002	34.08683	-117.31155	40.80374	-73.95371
10	35	34	0.29999997	40.80374	-73.95371	34.08683	-117.31155
10	36	20	0.39999996000000004	49.27906	-122.91755	37.42489	-122.16899
10	37	38	0.4999999500000001	48.21388	16.36507	48.21388	16.36507
10	38	37	0.59999994	48.21388	16.36507	48.21388	16.36507
10	39	40	0.69999993	32.11311	34.80335	32.11311	34.80335
10	40	39	0.7999999200000001	32.11311	34.80335	32.11311	34.80335
10	41	42	0.8999999100000001	35.30496	-80.7328	35.30496	-80.7328
10	42	41	0.9999999000000002	35.30496	-80.7328	35.30496	-80.7328
11	44	45	0.249999975	41.70089	-86.23849	41.70089	-86.23849
11	45	44	0.49999995	41.70089	-86.23849	41.70089	-86.23849
11	46	47	0.749999925	34.82424	135.51888	34.82424	135.51888
11	47	46	0.9999999	34.82424	135.51888	34.82424	135.51888
12	1	30	0.249999975	52.51173	13.32667	43.71711	10.39802
12	30	1	0.49999995	43.71711	10.39802	52.51173	13.32667
12	48	49	0.749999925	40.25028	-111.64922	40.00705	-105.26768
12	49	48	0.9999999	40.00705	-105.26768	40.25028	-111.64922
13	31	51	0.249999975	41.38704	2.11639	39.59167	2.62025
13	51	31	0.49999995	39.59167	2.62025	41.38704	2.11639
13	54	55	0.749999925	47.2	-122.53	12.63333	39.5
13	55	54	0.9999999	12.63333	39.5	47.2	-122.53
14	60	61	0.49999995	42.35069	-71.10634	42.35069	-71.10634
14	61	60	0.9999999	42.35069	-71.10634	42.35069	-71.10634
15	0	69	0.083333325	40.00827	-105.27489	52.09228	5.12315
15	5	72	0.16666665	49.01559	8.41992	47.66333	9.17528
15	30	65	0.24999997499999999	43.71711	10.39802	37.87039	-122.25906
15	62	63	0.3333333	34.6783	-82.83714	36.21422	-81.67821
15	63	62	0.416666625	36.21422	-81.67821	34.6783	-82.83714
15	65	30	0.49999994999999997	37.87039	-122.25906	43.71711	10.39802
15	66	67	0.583333275	24.79473	120.99428	24.79178	120.99219
15	67	66	0.6666666	24.79178	120.99219	24.79473	120.99428
15	69	0	0.749999925	52.09228	5.12315	40.00827	-105.27489
15	70	71	0.83333325	43.11572	12.38636	43.11572	12.38636
15	71	70	0.916666575	43.11572	12.38636	43.11572	12.38636
15	72	5	0.9999998999999999	47.66333	9.17528	49.01559	8.41992
16	50	75	0.06666666	30.29	-97.74	30.29	-97.74
16	73	74	0.13333332	39.94926	-75.19126	39.94926	-75.19126
16	74	73	0.19999998000000002	39.94926	-75.19126	39.94926	-75.19126
16	75	50	0.26666664	30.29	-97.74	30.29	-97.74
16	76	77	0.3333333	35.51541	139.48303	36.0349	140.08015
16	77	76	0.39999996000000004	36.0349	140.08015	35.51541	139.48303
16	78	79	0.46666662000000003	48.13315	11.58083	48.13315	11.58083
16	79	78	0.53333328	48.13315	11.58083	48.13315	11.58083
16	80	81	0.59999994	41.31138	-72.92585	41.31138	-72.92585
16	80	82	0.59999994	41.31138	-72.92585	41.31138	-72.92585
16	81	80	0.6666666	41.31138	-72.92585	41.31138	-72.92585
16	81	82	0.6666666	41.31138	-72.92585	41.31138	-72.92585
16	82	80	0.73333326	41.31138	-72.92585	41.31138	-72.92585
16	82	81	0.73333326	41.31138	-72.92585	41.31138	-72.92585
16	84	85	0.7999999200000001	34.59125	-94.22008	52.45044	-1.9357000000000002
16	85	84	0.8666665800000001	52.45044	-1.9357000000000002	34.59125	-94.22008
16	87	88	0.9333332400000001	34.6783	-82.83714	34.6783	-82.83714
16	88	87	0.9999999	34.6783	-82.83714	34.6783	-82.83714
17	30	103	0.06666666	43.72026	10.40824	43.72026	10.40824
17	64	92	0.13333332	32.11311	34.80335	32.77636	35.02232
17	92	64	0.19999998000000002	32.77636	35.02232	32.11311	34.80335
17	93	94	0.26666664	47.64208	-122.14224	47.49833	19.04083
17	93	95	0.26666664	47.64208	-122.14224	47.49068	19.05845
17	94	93	0.3333333	47.49833	19.04083	47.64208	-122.14224
17	94	95	0.3333333	47.49833	19.04083	47.49068	19.05845
17	95	93	0.39999996000000004	47.49068	19.05845	47.64208	-122.14224
17	95	94	0.39999996000000004	47.49068	19.05845	47.49833	19.04083
17	97	98	0.46666662000000003	50.66985	4.61564	50.66985	4.61564
17	98	97	0.53333328	50.66985	4.61564	50.66985	4.61564
17	99	100	0.59999994	32.72988	-97.11497	32.72988	-97.11497
17	100	99	0.6666666	32.72988	-97.11497	32.72988	-97.11497
17	101	102	0.73333326	31.30634	121.48742	32.8752	-117.22318
17	102	101	0.7999999200000001	32.8752	-117.22318	31.30634	121.48742
17	103	30	0.8666665800000001	43.72026	10.40824	43.72026	10.40824
17	104	105	0.9333332400000001	53.54556	9.92471	49.47716	8.48409
17	105	104	0.9999999	49.47716	8.48409	53.54556	9.92471
18	68	121	0.05555555	44.63708	-63.59061	49.26457	-123.25061
18	89	109	0.1111111	53.34939	-1.29942	49.50419	5.94857
18	106	107	0.16666665	40.44289	-79.94494	37.68838	-121.70432
18	107	106	0.2222222	37.68838	-121.70432	40.44289	-79.94494
18	109	89	0.27777775	49.50419	5.94857	53.34939	-1.29942
18	111	112	0.3333333	23.80078	86.43311	23.80078	86.43311
18	112	111	0.38888885	23.80078	86.43311	23.80078	86.43311
18	114	115	0.4444444	22.33745	114.26321	22.33745	114.26321
18	115	114	0.49999995	22.33745	114.26321	22.33745	114.26321
18	117	118	0.5555555	33.97513	-117.33	35.8585	-106.3172
18	118	117	0.61111105	35.8585	-106.3172	33.97513	-117.33
18	119	120	0.6666666	44.4952	11.34714	44.4952	11.34714
18	120	119	0.72222215	44.4952	11.34714	44.4952	11.34714
18	121	68	0.7777777	49.26457	-123.25061	44.63708	-63.59061
18	124	125	0.83333325	38.9077	-77.07268	38.9077	-77.07268
18	125	124	0.8888888	38.9077	-77.07268	38.9077	-77.07268
18	127	128	0.94444435	41.85302	12.62513	41.85302	12.62513
18	128	127	0.9999999	41.85302	12.62513	41.85302	12.62513
19	53	146	0.04347825652173913	-30.03315	-51.2192	43.72026	10.40824
19	83	139	0.08695651304347826	48.85658	2.35183	48.85658	2.35183
19	89	145	0.13043476956521738	48.14852	11.56766	48.14852	11.56766
19	90	141	0.17391302608695652	29.4112	-98.47852	52.18651	0.13647
19	108	134	0.21739128260869567	22.418590000000002	114.20813	41.74859	-87.5968
19	113	147	0.26086953913043476	46.95024	7.43752	41.50177	2.10333
19	123	148	0.3043477956521739	30.28538	-97.73564	30.28538	-97.73564
19	130	131	0.34782605217391305	39.95588	-75.18896	39.95588	-75.18896
19	131	130	0.3913043086956522	39.95588	-75.18896	39.95588	-75.18896
19	133	134	0.43478256521739134	33.9113	-118.3478	41.74859	-87.5968
19	134	133	0.4782608217391304	41.74859	-87.5968	33.9113	-118.3478
19	134	108	0.4782608217391304	41.74859	-87.5968	22.418590000000002	114.20813
19	135	136	0.5217390782608695	40.7879	-74.3882	35.78619	-78.67278
19	136	135	0.5652173347826087	35.78619	-78.67278	40.7879	-74.3882
19	137	138	0.6086955913043478	41.2709	-73.7776	40.11054	-88.2269
19	138	137	0.652173847826087	40.11054	-88.2269	41.2709	-73.7776
19	139	83	0.6956521043478261	48.85658	2.35183	48.85658	2.35183
19	141	90	0.7391303608695652	52.18651	0.13647	29.4112	-98.47852
19	143	144	0.7826086173913044	22.33745	114.26321	30.58255	114.25523
19	144	143	0.8260868739130435	30.58255	114.25523	22.33745	114.26321
19	145	89	0.8695651304347827	48.14852	11.56766	48.14852	11.56766
19	146	53	0.9130433869565218	43.72026	10.40824	-30.03315	-51.2192
19	147	113	0.9565216434782609	41.50177	2.10333	46.95024	7.43752
19	148	123	0.9999999	30.28538	-97.73564	30.28538	-97.73564
20	39	175	0.03703703333333334	32.11311	34.80335	32.78301	34.96003
20	119	120	0.07407406666666667	44.4952	11.34714	44.4952	11.34714
20	120	119	0.11111110000000002	44.4952	11.34714	44.4952	11.34714
20	149	150	0.14814813333333335	40.00098	116.32638	40.00098	116.32638
20	150	149	0.18518516666666668	40.00098	116.32638	40.00098	116.32638
20	153	154	0.22222220000000004	1.31939	103.81797	40.00098	116.32638
20	154	153	0.25925923333333334	40.00098	116.32638	1.31939	103.81797
20	155	156	0.2962962666666667	39.96998	116.31223	39.96998	116.31223
20	156	155	0.33333330000000005	39.96998	116.31223	39.96998	116.31223
20	157	158	0.37037033333333336	33.62784	130.42297	34.43903	132.41441
20	158	157	0.4074073666666667	34.43903	132.41441	33.62784	130.42297
20	159	160	0.4444444000000001	43.31355	11.33818	25.10356	55.16504
20	160	159	0.4814814333333334	25.10356	55.16504	43.31355	11.33818
20	161	162	0.5185184666666667	40.50023	-74.44789	1.3472300000000001	103.68179
20	162	161	0.5555555000000001	1.3472300000000001	103.68179	40.50023	-74.44789
20	163	164	0.5925925333333334	37.37368	-122.03658	41.90332	12.51581
20	164	163	0.6296295666666667	41.90332	12.51581	37.37368	-122.03658
20	166	167	0.6666666000000001	28.17311	112.92429	28.17311	112.92429
20	167	166	0.7037036333333334	28.17311	112.92429	28.17311	112.92429
20	168	169	0.7407406666666667	40.9295	40.27613	40.9295	40.27613
20	168	170	0.7407406666666667	40.9295	40.27613	40.9295	40.27613
20	169	168	0.7777777000000001	40.9295	40.27613	40.9295	40.27613
20	169	170	0.7777777000000001	40.9295	40.27613	40.9295	40.27613
20	170	168	0.8148147333333334	40.9295	40.27613	40.9295	40.27613
20	170	169	0.8148147333333334	40.9295	40.27613	40.9295	40.27613
20	171	172	0.8518517666666667	50.85502	5.68977	50.85502	5.68977
20	172	171	0.8888888000000001	50.85502	5.68977	50.85502	5.68977
20	173	174	0.9259258333333334	40.63032	22.95707	40.63032	22.95707
20	174	173	0.9629628666666668	40.63032	22.95707	40.63032	22.95707
20	175	39	0.9999999	32.78301	34.96003	32.11311	34.80335
21	39	175	0.027027024324324325	32.08641	34.81408	32.78301	34.96003
21	110	198	0.05405404864864865	39.05613	-94.60931	39.05613	-94.60931
21	116	190	0.08108107297297297	35.94021	-83.94377	35.94021	-83.94377
21	142	205	0.1081080972972973	22.58908	113.96324	22.58908	113.96324
21	151	206	0.1351351216216216	51.33866	12.37871	51.33866	12.37871
21	152	195	0.16216214594594594	52.51944	13.40667	47.65836	-122.1409
21	175	39	0.18918917027027027	32.78301	34.96003	32.08641	34.81408
21	178	179	0.2162161945945946	37.87039	-122.25906	37.87039	-122.25906
21	178	180	0.2162161945945946	37.87039	-122.25906	37.87039	-122.25906
21	179	178	0.24324321891891892	37.87039	-122.25906	37.87039	-122.25906
21	179	180	0.24324321891891892	37.87039	-122.25906	37.87039	-122.25906
21	180	178	0.2702702432432432	37.87039	-122.25906	37.87039	-122.25906
21	180	179	0.2702702432432432	37.87039	-122.25906	37.87039	-122.25906
21	181	182	0.2972972675675676	38.8783	121.52415	38.8783	121.52415
21	182	181	0.3243242918918919	38.8783	121.52415	38.8783	121.52415
21	183	184	0.35135131621621624	-22.95348	-43.17395	39.94926	-75.19126
21	184	183	0.37837834054054054	39.94926	-75.19126	-22.95348	-43.17395
21	185	186	0.4054053648648649	32.78481	-79.9473	32.78481	-79.9473
21	185	187	0.4054053648648649	32.78481	-79.9473	32.78481	-79.9473
21	186	185	0.4324323891891892	32.78481	-79.9473	32.78481	-79.9473
21	186	187	0.4324323891891892	32.78481	-79.9473	32.78481	-79.9473
21	187	185	0.4594594135135135	32.78481	-79.9473	32.78481	-79.9473
21	187	186	0.4594594135135135	32.78481	-79.9473	32.78481	-79.9473
21	190	116	0.48648643783783785	35.94021	-83.94377	35.94021	-83.94377
21	191	192	0.5135134621621622	40.50023	-74.44789	40.50023	-74.44789
21	192	191	0.5405404864864864	40.50023	-74.44789	40.50023	-74.44789
21	193	194	0.5675675108108108	55.94495	-3.18805	28.22878	112.99628
21	194	193	0.5945945351351352	28.22878	112.99628	55.94495	-3.18805
21	195	152	0.6216215594594595	47.65836	-122.1409	52.51944	13.40667
21	196	197	0.6486485837837838	40.41601	-86.92984	40.41601	-86.92984
21	197	196	0.6756756081081081	40.41601	-86.92984	40.41601	-86.92984
21	198	110	0.7027026324324325	39.05613	-94.60931	39.05613	-94.60931
21	199	200	0.7297296567567567	40.95362	-76.8842	40.95362	-76.8842
21	199	201	0.7297296567567567	40.95362	-76.8842	40.95362	-76.8842
21	199	202	0.7297296567567567	40.95362	-76.8842	40.95362	-76.8842
21	200	199	0.7567566810810811	40.95362	-76.8842	40.95362	-76.8842
21	200	201	0.7567566810810811	40.95362	-76.8842	40.95362	-76.8842
21	200	202	0.7567566810810811	40.95362	-76.8842	40.95362	-76.8842
21	201	199	0.7837837054054054	40.95362	-76.8842	40.95362	-76.8842
21	201	200	0.7837837054054054	40.95362	-76.8842	40.95362	-76.8842
21	201	202	0.7837837054054054	40.95362	-76.8842	40.95362	-76.8842
21	202	199	0.8108107297297298	40.95362	-76.8842	40.95362	-76.8842
21	202	200	0.8108107297297298	40.95362	-76.8842	40.95362	-76.8842
21	202	201	0.8108107297297298	40.95362	-76.8842	40.95362	-76.8842
21	203	204	0.837837754054054	40.42635	-86.92598	40.42635	-86.92598
21	204	203	0.8648647783783784	40.42635	-86.92598	40.42635	-86.92598
21	205	142	0.8918918027027027	22.58908	113.96324	22.58908	113.96324
21	206	151	0.918918827027027	51.33866	12.37871	51.33866	12.37871
21	207	208	0.9459458513513513	45.19015	5.7137	45.19015	5.7137
21	207	209	0.9459458513513513	45.19015	5.7137	45.19015	5.7137
21	208	207	0.9729728756756757	45.19015	5.7137	45.19015	5.7137
21	208	209	0.9729728756756757	45.19015	5.7137	45.19015	5.7137
21	209	207	0.9999999	45.19015	5.7137	45.19015	5.7137
21	209	208	0.9999999	45.19015	5.7137	45.19015	5.7137
22	19	147	0.01851851666666667	46.95024	7.43752	41.48603	2.12702
22	52	188	0.03703703333333334	51.4639	7.00752	51.4639	7.00752
22	58	228	0.05555555000000001	52.38086	-1.5616400000000001	52.38086	-1.5616400000000001
22	96	234	0.07407406666666667	46.72756	-117.16259	46.34322	-119.27634
22	132	223	0.09259258333333334	32.11311	34.80335	32.87979	-117.23892
22	132	224	0.09259258333333334	32.11311	34.80335	32.11311	34.80335
22	132	225	0.09259258333333334	32.11311	34.80335	32.11311	34.80335
22	140	243	0.11111110000000002	54.58431	-5.93495	24.7622	46.84739
22	142	229	0.12962961666666667	45.74689	126.63303	32.98556	-96.75033
22	142	193	0.12962961666666667	45.74689	126.63303	55.94495	-3.18805
22	147	19	0.14814813333333335	41.48603	2.12702	46.95024	7.43752
22	165	176	0.16666665000000003	38.29094	21.7962	38.28679	21.78689
22	176	165	0.18518516666666668	38.28679	21.78689	38.29094	21.7962
22	188	52	0.20370368333333336	51.4639	7.00752	51.4639	7.00752
22	193	142	0.22222220000000004	55.94495	-3.18805	45.74689	126.63303
22	210	211	0.2407407166666667	31.29889	121.50212	41.93386	-88.77265
22	211	210	0.25925923333333334	41.93386	-88.77265	31.29889	121.50212
22	212	213	0.27777775000000005	40.8178	-96.70204	40.8178	-96.70204
22	213	212	0.2962962666666667	40.8178	-96.70204	40.8178	-96.70204
22	214	215	0.31481478333333335	49.27906	-122.91755	49.27906	-122.91755
22	215	214	0.33333330000000005	49.27906	-122.91755	49.27906	-122.91755
22	216	217	0.3518518166666667	37.87039	-122.25906	37.87039	-122.25906
22	216	218	0.3518518166666667	37.87039	-122.25906	41.08604	-73.81754
22	217	216	0.37037033333333336	37.87039	-122.25906	37.87039	-122.25906
22	217	218	0.37037033333333336	37.87039	-122.25906	41.08604	-73.81754
22	218	216	0.38888885000000006	41.08604	-73.81754	37.87039	-122.25906
22	218	217	0.38888885000000006	41.08604	-73.81754	37.87039	-122.25906
22	219	220	0.4074073666666667	43.47469	-80.52801	53.52467	-113.52287
22	220	219	0.42592588333333337	53.52467	-113.52287	43.47469	-80.52801
22	221	222	0.4444444000000001	41.08604	-73.81754	41.08604	-73.81754
22	222	221	0.4629629166666667	41.08604	-73.81754	41.08604	-73.81754
22	223	224	0.4814814333333334	32.87979	-117.23892	32.11311	34.80335
22	223	225	0.4814814333333334	32.87979	-117.23892	32.11311	34.80335
22	223	132	0.4814814333333334	32.87979	-117.23892	32.11311	34.80335
22	224	223	0.49999995	32.11311	34.80335	32.87979	-117.23892
22	224	225	0.49999995	32.11311	34.80335	32.11311	34.80335
22	224	132	0.49999995	32.11311	34.80335	32.11311	34.80335
22	225	223	0.5185184666666667	32.11311	34.80335	32.87979	-117.23892
22	225	224	0.5185184666666667	32.11311	34.80335	32.11311	34.80335
22	225	132	0.5185184666666667	32.11311	34.80335	32.11311	34.80335
22	226	227	0.5370369833333334	50.66962	4.61996	29.53567	106.60263
22	227	226	0.5555555000000001	29.53567	106.60263	50.66962	4.61996
22	228	58	0.5740740166666667	52.38086	-1.5616400000000001	52.38086	-1.5616400000000001
22	229	142	0.5925925333333334	32.98556	-96.75033	45.74689	126.63303
22	230	231	0.6111110500000001	51.5227	-0.1293	52.18651	0.13647
22	231	230	0.6296295666666667	52.18651	0.13647	51.5227	-0.1293
22	232	233	0.6481480833333334	-3.74174	-38.53902	-22.85914	-43.22754
22	233	232	0.6666666000000001	-22.85914	-43.22754	-3.74174	-38.53902
22	234	96	0.6851851166666667	46.34322	-119.27634	46.72756	-117.16259
22	235	236	0.7037036333333334	51.53797	9.93752	51.53797	9.93752
22	235	237	0.7037036333333334	51.53797	9.93752	52.50763	13.41409
22	235	238	0.7037036333333334	51.53797	9.93752	40.00098	116.32638
22	236	235	0.7222221500000001	51.53797	9.93752	51.53797	9.93752
22	236	237	0.7222221500000001	51.53797	9.93752	52.50763	13.41409
22	236	238	0.7222221500000001	51.53797	9.93752	40.00098	116.32638
22	237	235	0.7407406666666667	52.50763	13.41409	51.53797	9.93752
22	237	236	0.7407406666666667	52.50763	13.41409	51.53797	9.93752
22	237	238	0.7407406666666667	52.50763	13.41409	40.00098	116.32638
22	238	235	0.7592591833333334	40.00098	116.32638	51.53797	9.93752
22	238	236	0.7592591833333334	40.00098	116.32638	51.53797	9.93752
22	238	237	0.7592591833333334	40.00098	116.32638	52.50763	13.41409
22	239	240	0.7777777000000001	34.01314	-81.01514	34.01314	-81.01514
22	240	239	0.7962962166666667	34.01314	-81.01514	34.01314	-81.01514
22	241	242	0.8148147333333334	-23.53066	-46.47822	-23.53066	-46.47822
22	242	241	0.8333332500000001	-23.53066	-46.47822	-23.53066	-46.47822
22	243	140	0.8518517666666667	24.7622	46.84739	54.58431	-5.93495
22	244	245	0.8703702833333334	37.87039	-122.25906	40.79723	-77.87072
22	245	244	0.8888888000000001	40.79723	-77.87072	37.87039	-122.25906
22	246	247	0.9074073166666667	34.24473	108.91266	34.24473	108.91266
22	246	248	0.9074073166666667	34.24473	108.91266	34.24473	108.91266
22	246	249	0.9074073166666667	34.24473	108.91266	33.91944	-83.34688
22	247	246	0.9259258333333334	34.24473	108.91266	34.24473	108.91266
22	247	248	0.9259258333333334	34.24473	108.91266	34.24473	108.91266
22	247	249	0.9259258333333334	34.24473	108.91266	33.91944	-83.34688
22	248	246	0.94444435	34.24473	108.91266	34.24473	108.91266
22	248	247	0.94444435	34.24473	108.91266	34.24473	108.91266
22	248	249	0.94444435	34.24473	108.91266	33.91944	-83.34688
22	249	246	0.9629628666666668	33.91944	-83.34688	34.24473	108.91266
22	249	247	0.9629628666666668	33.91944	-83.34688	34.24473	108.91266
22	249	248	0.9629628666666668	33.91944	-83.34688	34.24473	108.91266
22	250	251	0.9814813833333335	-30.03315	-51.2192	-3.74174	-38.53902
22	251	250	0.9999999	-3.74174	-38.53902	-30.03315	-51.2192
23	56	274	0.01960784117647059	37.22632	-80.42356	37.22632	-80.42356
23	56	275	0.01960784117647059	37.22632	-80.42356	37.22632	-80.42356
23	64	276	0.03921568235294118	33.78	-84.4	33.78	-84.4
23	86	282	0.05882352352941177	52.45044	-1.9357000000000002	52.45044	-1.9357000000000002
23	91	291	0.07843136470588236	35.03	135.76097	35.69257	139.75834
23	142	193	0.09803920588235294	22.58908	113.96324	25.31784	51.43653
23	143	189	0.11764704705882353	22.33745	114.26321	39.9893	116.30977
23	180	257	0.13725488823529414	37.87039	-122.25906	37.87039	-122.25906
23	189	143	0.1568627294117647	39.9893	116.30977	22.33745	114.26321
23	191	192	0.1764705705882353	40.50023	-74.44789	40.50023	-74.44789
23	192	191	0.1960784117647059	40.50023	-74.44789	40.50023	-74.44789
23	193	142	0.2156862529411765	25.31784	51.43653	22.58908	113.96324
23	253	254	0.23529409411764707	28.81633	-96.9773	28.81633	-96.9773
23	254	253	0.25490193529411764	28.81633	-96.9773	28.81633	-96.9773
23	255	256	0.2745097764705883	22.33776	114.18191	42.33974	-71.08836
23	256	255	0.29411761764705885	42.33974	-71.08836	22.33776	114.18191
23	257	180	0.3137254588235294	37.87039	-122.25906	37.87039	-122.25906
23	258	259	0.3333333	40.74081	-74.18587	1.31939	103.81797
23	258	260	0.3333333	40.74081	-74.18587	1.31939	103.81797
23	259	258	0.3529411411764706	1.31939	103.81797	40.74081	-74.18587
23	259	260	0.3529411411764706	1.31939	103.81797	1.31939	103.81797
23	260	258	0.3725489823529412	1.31939	103.81797	40.74081	-74.18587
23	260	259	0.3725489823529412	1.31939	103.81797	1.31939	103.81797
23	261	262	0.3921568235294118	10.87768	106.80179	10.87768	106.80179
23	262	261	0.41176466470588236	10.87768	106.80179	10.87768	106.80179
23	263	264	0.431372505882353	34.24611	108.9813	34.24611	108.9813
23	263	265	0.431372505882353	34.24611	108.9813	42.05309	-87.67523
23	263	266	0.431372505882353	34.24611	108.9813	34.24611	108.9813
23	264	263	0.45098034705882356	34.24611	108.9813	34.24611	108.9813
23	264	265	0.45098034705882356	34.24611	108.9813	42.05309	-87.67523
23	264	266	0.45098034705882356	34.24611	108.9813	34.24611	108.9813
23	265	263	0.47058818823529414	42.05309	-87.67523	34.24611	108.9813
23	265	264	0.47058818823529414	42.05309	-87.67523	34.24611	108.9813
23	265	266	0.47058818823529414	42.05309	-87.67523	34.24611	108.9813
23	266	263	0.4901960294117647	34.24611	108.9813	34.24611	108.9813
23	266	264	0.4901960294117647	34.24611	108.9813	34.24611	108.9813
23	266	265	0.4901960294117647	34.24611	108.9813	42.05309	-87.67523
23	267	268	0.5098038705882353	52.22968	20.98265	13.03961	80.27947
23	268	267	0.5294117117647059	13.03961	80.27947	52.22968	20.98265
23	269	270	0.5490195529411765	1.3472300000000001	103.68179	1.3472300000000001	103.68179
23	270	269	0.5686273941176471	1.3472300000000001	103.68179	1.3472300000000001	103.68179
23	271	272	0.5882352352941177	49.19205	16.61319	49.19205	16.61319
23	271	273	0.5882352352941177	49.19205	16.61319	49.19205	16.61319
23	272	271	0.6078430764705882	49.19205	16.61319	49.19205	16.61319
23	272	273	0.6078430764705882	49.19205	16.61319	49.19205	16.61319
23	273	271	0.6274509176470588	49.19205	16.61319	49.19205	16.61319
23	273	272	0.6274509176470588	49.19205	16.61319	49.19205	16.61319
23	274	275	0.6470587588235295	37.22632	-80.42356	37.22632	-80.42356
23	274	56	0.6470587588235295	37.22632	-80.42356	37.22632	-80.42356
23	275	274	0.6666666	37.22632	-80.42356	37.22632	-80.42356
23	275	56	0.6666666	37.22632	-80.42356	37.22632	-80.42356
23	276	64	0.6862744411764706	33.78	-84.4	33.78	-84.4
23	278	279	0.7058822823529411	39.9808	-75.1552	39.9808	-75.1552
23	279	278	0.7254901235294118	39.9808	-75.1552	39.9808	-75.1552
23	280	281	0.7450979647058824	44.835	-0.5755	-33.41921	-70.65549
23	281	280	0.7647058058823529	-33.41921	-70.65549	44.835	-0.5755
23	282	86	0.7843136470588236	52.45044	-1.9357000000000002	52.45044	-1.9357000000000002
23	283	284	0.8039214882352942	40.89735	-74.03108	13.03961	80.27947
23	284	283	0.8235293294117647	13.03961	80.27947	40.89735	-74.03108
23	285	286	0.8431371705882353	28.22878	112.99628	28.22878	112.99628
23	286	285	0.862745011764706	28.22878	112.99628	28.22878	112.99628
23	287	288	0.8823528529411765	-23.53066	-46.47822	24.6861	46.71745
23	288	287	0.9019606941176471	24.6861	46.71745	-23.53066	-46.47822
23	289	290	0.9215685352941176	34.43903	132.41441	34.40952	132.57939
23	290	289	0.9411763764705883	34.40952	132.57939	34.43903	132.41441
23	291	91	0.9607842176470589	35.69257	139.75834	35.03	135.76097
23	292	293	0.9803920588235294	13.062	80.23631	13.062	80.23631
23	293	292	0.9999999	13.062	80.23631	13.062	80.23631
24	129	303	0.016666665	53.10815	8.85353	53.10815	8.85353
24	134	324	0.03333333	41.87344	-87.65026	21.85718	39.06266
24	137	306	0.049999995000000005	37.87039	-122.25906	37.87039	-122.25906
24	140	312	0.06666666	54.58431	-5.93495	37.07797	37.35014
24	143	294	0.083333325	22.30112	114.17763	35.78619	-78.67278
24	165	176	0.09999999000000001	38.28679	21.78689	38.28679	21.78689
24	176	165	0.11666665500000001	38.28679	21.78689	38.28679	21.78689
24	246	247	0.13333332	34.24473	108.91266	34.24473	108.91266
24	246	249	0.13333332	34.24473	108.91266	33.91944	-83.34688
24	246	247	0.13333332	34.24473	108.91266	34.24473	108.91266
24	246	248	0.13333332	34.24473	108.91266	34.24473	108.91266
24	246	321	0.13333332	34.24473	108.91266	28.17311	112.92429
24	247	246	0.149999985	34.24473	108.91266	34.24473	108.91266
24	247	249	0.149999985	34.24473	108.91266	33.91944	-83.34688
24	247	248	0.149999985	34.24473	108.91266	34.24473	108.91266
24	247	246	0.149999985	34.24473	108.91266	34.24473	108.91266
24	247	321	0.149999985	34.24473	108.91266	28.17311	112.92429
24	248	247	0.16666665	34.24473	108.91266	34.24473	108.91266
24	248	246	0.16666665	34.24473	108.91266	34.24473	108.91266
24	248	321	0.16666665	34.24473	108.91266	28.17311	112.92429
24	249	247	0.183333315	33.91944	-83.34688	34.24473	108.91266
24	249	246	0.183333315	33.91944	-83.34688	34.24473	108.91266
24	287	319	0.19999998000000002	-23.53066	-46.47822	24.6861	46.71745
24	287	320	0.19999998000000002	-23.53066	-46.47822	24.6861	46.71745
24	294	143	0.21666664500000002	35.78619	-78.67278	22.30112	114.17763
24	295	296	0.23333331000000002	36.57696	127.51152	47.64208	-122.14224
24	295	297	0.23333331000000002	36.57696	127.51152	4.63648	-74.08115
24	296	295	0.249999975	47.64208	-122.14224	36.57696	127.51152
24	296	297	0.249999975	47.64208	-122.14224	4.63648	-74.08115
24	297	295	0.26666664	4.63648	-74.08115	36.57696	127.51152
24	297	296	0.26666664	4.63648	-74.08115	47.64208	-122.14224
24	299	300	0.28333330500000004	39.9893	116.30977	39.9893	116.30977
24	300	299	0.29999997	39.9893	116.30977	39.9893	116.30977
24	301	302	0.31666663500000003	48.1505	11.5803	48.1505	11.5803
24	302	301	0.3333333	48.1505	11.5803	48.1505	11.5803
24	303	129	0.349999965	53.10815	8.85353	53.10815	8.85353
24	304	305	0.36666663	55.87199	-4.28811	-37.79827	144.96289
24	305	304	0.383333295	-37.79827	144.96289	55.87199	-4.28811
24	306	137	0.39999996000000004	37.87039	-122.25906	37.87039	-122.25906
24	307	308	0.416666625	52.00222	4.37176	52.00222	4.37176
24	308	307	0.43333329000000004	52.00222	4.37176	52.00222	4.37176
24	310	311	0.449999955	42.93791	-78.83461	42.93791	-78.83461
24	311	310	0.46666662000000003	42.93791	-78.83461	42.93791	-78.83461
24	312	140	0.483333285	37.07797	37.35014	54.58431	-5.93495
24	313	314	0.49999995	30.61404	-96.34213	30.61404	-96.34213
24	314	313	0.516666615	30.61404	-96.34213	30.61404	-96.34213
24	315	316	0.53333328	33.67613	-117.81982	60.18531	24.82583
24	316	315	0.549999945	60.18531	24.82583	33.67613	-117.81982
24	317	318	0.5666666100000001	42.27719	-83.7385	42.27719	-83.7385
24	318	317	0.583333275	42.27719	-83.7385	42.27719	-83.7385
24	319	287	0.59999994	24.6861	46.71745	-23.53066	-46.47822
24	319	320	0.59999994	24.6861	46.71745	24.6861	46.71745
24	320	319	0.616666605	24.6861	46.71745	24.6861	46.71745
24	320	287	0.616666605	24.6861	46.71745	-23.53066	-46.47822
24	321	247	0.6333332700000001	28.17311	112.92429	34.24473	108.91266
24	321	248	0.6333332700000001	28.17311	112.92429	34.24473	108.91266
24	321	246	0.6333332700000001	28.17311	112.92429	34.24473	108.91266
24	322	323	0.649999935	25.02112	121.53611	25.02112	121.53611
24	323	322	0.6666666	25.02112	121.53611	25.02112	121.53611
24	324	134	0.683333265	21.85718	39.06266	41.87344	-87.65026
24	325	326	0.69999993	37.3856	-122.082	37.3856	-122.082
24	325	327	0.69999993	37.3856	-122.082	37.3856	-122.082
24	326	325	0.7166665950000001	37.3856	-122.082	37.3856	-122.082
24	326	327	0.7166665950000001	37.3856	-122.082	37.3856	-122.082
24	327	325	0.73333326	37.3856	-122.082	37.3856	-122.082
24	327	326	0.73333326	37.3856	-122.082	37.3856	-122.082
24	328	329	0.749999925	40.25028	-111.64922	40.25028	-111.64922
24	328	330	0.749999925	40.25028	-111.64922	41.31307	-105.58214
24	328	331	0.749999925	40.25028	-111.64922	33.75397	-84.38681
24	329	328	0.76666659	40.25028	-111.64922	40.25028	-111.64922
24	329	330	0.76666659	40.25028	-111.64922	41.31307	-105.58214
24	329	331	0.76666659	40.25028	-111.64922	33.75397	-84.38681
24	330	328	0.7833332550000001	41.31307	-105.58214	40.25028	-111.64922
24	330	329	0.7833332550000001	41.31307	-105.58214	40.25028	-111.64922
24	330	331	0.7833332550000001	41.31307	-105.58214	33.75397	-84.38681
24	331	328	0.7999999200000001	33.75397	-84.38681	40.25028	-111.64922
24	331	329	0.7999999200000001	33.75397	-84.38681	40.25028	-111.64922
24	331	330	0.7999999200000001	33.75397	-84.38681	41.31307	-105.58214
24	332	333	0.816666585	18.80387	98.95241	18.80387	98.95241
24	333	332	0.83333325	18.80387	98.95241	18.80387	98.95241
24	334	335	0.849999915	42.61266	-5.55999	42.61266	-5.55999
24	335	334	0.8666665800000001	42.61266	-5.55999	42.61266	-5.55999
24	337	338	0.883333245	28.17311	112.92429	49.25523	7.04162
24	338	337	0.89999991	49.25523	7.04162	28.17311	112.92429
24	339	340	0.916666575	28.36223	75.5886	28.36223	75.5886
24	340	339	0.9333332400000001	28.36223	75.5886	28.36223	75.5886
24	341	342	0.9499999050000001	43.38166	-0.85106	43.38166	-0.85106
24	342	341	0.96666657	43.38166	-0.85106	43.38166	-0.85106
24	343	344	0.983333235	31.29889	121.50212	31.29889	121.50212
24	344	343	0.9999999	31.29889	121.50212	31.29889	121.50212
25	2	43	0.01612903064516129	53.14737	8.18182	50.80705	8.76998
25	43	2	0.03225806129032258	50.80705	8.76998	53.14737	8.18182
25	57	356	0.04838709193548388	47.48182	19.05623	47.48182	19.05623
25	58	380	0.06451612258064517	52.38086	-1.5616400000000001	52.38086	-1.5616400000000001
25	59	388	0.08064515322580645	53.94692	-1.05256	24.99574	121.45323
25	204	369	0.09677418387096776	40.42635	-86.92598	40.50023	-74.44789
25	287	288	0.11290321451612904	-23.53066	-46.47822	24.6861	46.71745
25	288	287	0.12903224516129033	24.6861	46.71745	-23.53066	-46.47822
25	298	387	0.14516127580645163	41.90332	12.51581	43.65782	-79.38035
25	345	346	0.1612903064516129	45.75845	4.79904	43.6208	7.05689
25	346	345	0.1774193370967742	43.6208	7.05689	45.75845	4.79904
25	348	349	0.1935483677419355	31.27491	120.73612	39.9859	116.31616
25	349	348	0.2096773983870968	39.9859	116.31616	31.27491	120.73612
25	350	351	0.2258064290322581	35.70885	139.71953	35.6186	139.77823
25	351	350	0.24193545967741936	35.6186	139.77823	35.70885	139.71953
25	352	353	0.25806449032258066	43.12981	-77.62703	-22.83335	-47.05165
25	353	352	0.27419352096774197	-22.83335	-47.05165	43.12981	-77.62703
25	354	355	0.29032255161290327	46.52038	6.56515	46.52038	6.56515
25	355	354	0.3064515822580645	46.52038	6.56515	46.52038	6.56515
25	356	57	0.3225806129032258	47.48182	19.05623	47.48182	19.05623
25	357	358	0.3387096435483871	29.64746	-82.34827	29.64746	-82.34827
25	358	357	0.3548386741935484	29.64746	-82.34827	29.64746	-82.34827
25	359	360	0.3709677048387097	50.92842	11.58228	3.12573	101.66101
25	360	359	0.387096735483871	3.12573	101.66101	50.92842	11.58228
25	361	362	0.40322576612903227	41.68048	-70.40172	51.51627	7.4569600000000005
25	362	361	0.4193547967741936	51.51627	7.4569600000000005	41.68048	-70.40172
25	363	364	0.4354838274193549	25.02839	121.53762	25.02839	121.53762
25	364	363	0.4516128580645162	25.02839	121.53762	25.02839	121.53762
25	365	366	0.4677418887096775	19.30197	-98.24295	19.30197	-98.24295
25	366	365	0.4838709193548387	19.30197	-98.24295	19.30197	-98.24295
25	367	368	0.49999995	30.28538	-97.73564	30.28538	-97.73564
25	368	367	0.5161289806451613	30.28538	-97.73564	30.28538	-97.73564
25	369	204	0.5322580112903226	40.50023	-74.44789	40.42635	-86.92598
25	370	371	0.5483870419354839	42.38889	-72.52741	42.38889	-72.52741
25	371	370	0.5645160725806452	42.38889	-72.52741	42.38889	-72.52741
25	372	373	0.5806451032258065	41.37322	2.13739	41.37322	2.13739
25	373	372	0.5967741338709678	41.37322	2.13739	41.37322	2.13739
25	374	375	0.612903164516129	43.11229	-77.62975	43.11229	-77.62975
25	375	374	0.6290321951612904	43.11229	-77.62975	43.11229	-77.62975
25	376	377	0.6451612258064516	42.33974	-71.08836	37.5483	-77.45202
25	377	376	0.661290256451613	37.5483	-77.45202	42.33974	-71.08836
25	378	379	0.6774192870967742	50.77838	6.07735	50.77838	6.07735
25	379	378	0.6935483177419355	50.77838	6.07735	50.77838	6.07735
25	380	58	0.7096773483870968	52.38086	-1.5616400000000001	52.38086	-1.5616400000000001
25	381	382	0.7258063790322581	-37.79812	144.96325	-37.79812	144.96325
25	382	381	0.7419354096774194	-37.79812	144.96325	-37.79812	144.96325
25	383	384	0.7580644403225807	40.41601	-86.92984	40.41601	-86.92984
25	384	383	0.774193470967742	40.41601	-86.92984	40.41601	-86.92984
25	385	386	0.7903225016129033	47.37814	8.54496	47.37814	8.54496
25	386	385	0.8064515322580645	47.37814	8.54496	47.37814	8.54496
25	387	298	0.8225805629032259	43.65782	-79.38035	41.90332	12.51581
25	388	59	0.8387095935483871	24.99574	121.45323	53.94692	-1.05256
25	389	390	0.8548386241935485	39.74477	-105.0027	39.74477	-105.0027
25	390	389	0.8709676548387097	39.74477	-105.0027	39.74477	-105.0027
25	392	393	0.887096685483871	39.97969	116.34191	39.97969	116.34191
25	393	392	0.9032257161290324	39.97969	116.34191	39.97969	116.34191
25	394	395	0.9193547467741936	47.9014	1.90392	47.9014	1.90392
25	395	394	0.935483777419355	47.9014	1.90392	47.9014	1.90392
25	396	397	0.9516128080645162	13.00488	80.24032	56.16269	10.18312
25	397	396	0.9677418387096774	56.16269	10.18312	13.00488	80.24032
25	398	399	0.9838708693548388	35.71301	139.76133	39.9893	116.30977
25	399	398	0.9999999	39.9893	116.30977	35.71301	139.76133
26	2	449	0.015151513636363637	53.14737	8.18182	50.80705	8.76998
26	19	423	0.030303027272727275	46.95024	7.43752	47.49795	8.72889
26	106	420	0.045454540909090915	40.44289	-79.94494	40.44289	-79.94494
26	106	391	0.045454540909090915	40.44289	-79.94494	36.37687	127.38443
26	113	417	0.06060605454545455	47.49795	8.72889	43.253659999999996	-87.91515
26	122	400	0.07575756818181818	-33.88919	151.18973	30.2891	-97.7412
26	122	401	0.07575756818181818	-33.88919	151.18973	30.2891	-97.7412
26	299	300	0.09090908181818183	39.9893	116.30977	39.9893	116.30977
26	300	299	0.10606059545454546	39.9893	116.30977	39.9893	116.30977
26	336	445	0.1212121090909091	-33.77501	151.11247	-33.9173	151.23136
26	337	338	0.13636362272727273	28.17311	112.92429	49.25523	7.04162
26	338	337	0.15151513636363637	49.25523	7.04162	28.17311	112.92429
26	380	453	0.16666665	52.38086	-1.5616400000000001	48.82244	2.33122
26	391	106	0.18181816363636366	36.37687	127.38443	40.44289	-79.94494
26	400	122	0.1969696772727273	30.2891	-97.7412	-33.88919	151.18973
26	400	401	0.1969696772727273	30.2891	-97.7412	30.2891	-97.7412
26	401	400	0.21212119090909093	30.2891	-97.7412	30.2891	-97.7412
26	401	122	0.21212119090909093	30.2891	-97.7412	-33.88919	151.18973
26	402	403	0.22727270454545456	52.2412	6.85161	40.74256	-74.24788
26	402	404	0.22727270454545456	52.2412	6.85161	37.33537	-121.88111
26	402	405	0.22727270454545456	52.2412	6.85161	40.80152	-77.86414
26	403	402	0.2424242181818182	40.74256	-74.24788	52.2412	6.85161
26	403	404	0.2424242181818182	40.74256	-74.24788	37.33537	-121.88111
26	403	405	0.2424242181818182	40.74256	-74.24788	40.80152	-77.86414
26	404	402	0.25757573181818183	37.33537	-121.88111	52.2412	6.85161
26	404	403	0.25757573181818183	37.33537	-121.88111	40.74256	-74.24788
26	404	405	0.25757573181818183	37.33537	-121.88111	40.80152	-77.86414
26	405	402	0.27272724545454546	40.80152	-77.86414	52.2412	6.85161
26	405	403	0.27272724545454546	40.80152	-77.86414	40.74256	-74.24788
26	405	404	0.27272724545454546	40.80152	-77.86414	37.33537	-121.88111
26	406	407	0.2878787590909091	-40.385040000000004	175.61693	31.84871	117.29008
26	407	406	0.30303027272727273	31.84871	117.29008	-40.385040000000004	175.61693
26	408	409	0.31818178636363637	31.84871	117.29008	31.84871	117.29008
26	409	408	0.3333333	31.84871	117.29008	31.84871	117.29008
26	411	412	0.34848481363636363	29.9397	-90.12066	29.9397	-90.12066
26	412	411	0.3636363272727273	29.9397	-90.12066	29.9397	-90.12066
26	413	414	0.37878784090909096	35.08824	-106.61868	35.09544	-106.62147
26	413	415	0.37878784090909096	35.08824	-106.61868	35.09544	-106.62147
26	413	416	0.37878784090909096	35.08824	-106.61868	35.09544	-106.62147
26	414	413	0.3939393545454546	35.09544	-106.62147	35.08824	-106.61868
26	414	415	0.3939393545454546	35.09544	-106.62147	35.09544	-106.62147
26	414	416	0.3939393545454546	35.09544	-106.62147	35.09544	-106.62147
26	415	413	0.4090908681818182	35.09544	-106.62147	35.08824	-106.61868
26	415	414	0.4090908681818182	35.09544	-106.62147	35.09544	-106.62147
26	415	416	0.4090908681818182	35.09544	-106.62147	35.09544	-106.62147
26	416	413	0.42424238181818186	35.09544	-106.62147	35.08824	-106.61868
26	416	414	0.42424238181818186	35.09544	-106.62147	35.09544	-106.62147
26	416	415	0.42424238181818186	35.09544	-106.62147	35.09544	-106.62147
26	417	113	0.4393938954545455	43.253659999999996	-87.91515	47.49795	8.72889
26	418	419	0.4545454090909091	40.11054	-88.2269	22.31778	87.30909
26	419	418	0.46969692272727276	22.31778	87.30909	40.11054	-88.2269
26	420	106	0.4848484363636364	40.44289	-79.94494	40.44289	-79.94494
26	421	422	0.49999995	41.90913	12.50758	41.84962	12.59791
26	422	421	0.5151514636363637	41.84962	12.59791	41.90913	12.50758
26	423	19	0.5303029772727273	47.49795	8.72889	46.95024	7.43752
26	424	425	0.5454544909090909	32.76235	35.0182	39.95799	116.3056
26	425	424	0.5606060045454546	39.95799	116.3056	32.76235	35.0182
26	426	427	0.5757575181818182	31.29889	121.50212	31.29889	121.50212
26	427	426	0.5909090318181819	31.29889	121.50212	31.29889	121.50212
26	428	429	0.6060605454545455	8.56451	76.88729	8.56451	76.88729
26	429	428	0.6212120590909092	8.56451	76.88729	8.56451	76.88729
26	430	431	0.6363635727272727	52.27414	10.52897	57.54182	25.42814
26	431	430	0.6515150863636364	57.54182	25.42814	52.27414	10.52897
26	432	433	0.6666666	38.28679	21.78689	40.63032	22.95707
26	433	432	0.6818181136363637	40.63032	22.95707	38.28679	21.78689
26	434	435	0.6969696272727273	37.42489	-122.16899	37.42489	-122.16899
26	435	434	0.712121140909091	37.42489	-122.16899	37.42489	-122.16899
26	436	437	0.7272726545454546	40.9295	40.27613	40.9295	40.27613
26	437	436	0.7424241681818182	40.9295	40.27613	40.9295	40.27613
26	438	439	0.7575756818181819	43.21097	-77.94973	43.21097	-77.94973
26	438	440	0.7575756818181819	43.21097	-77.94973	40.00098	116.32638
26	439	438	0.7727271954545455	43.21097	-77.94973	43.21097	-77.94973
26	439	440	0.7727271954545455	43.21097	-77.94973	40.00098	116.32638
26	440	438	0.7878787090909092	40.00098	116.32638	43.21097	-77.94973
26	440	439	0.7878787090909092	40.00098	116.32638	43.21097	-77.94973
26	441	442	0.8030302227272728	41.82616	-71.40396	40.71305	-74.00723
26	442	441	0.8181817363636364	40.71305	-74.00723	41.82616	-71.40396
26	443	444	0.83333325	37.87039	-122.25906	48.19911	16.31666
26	444	443	0.8484847636363637	48.19911	16.31666	37.87039	-122.25906
26	445	336	0.8636362772727273	-33.9173	151.23136	-33.77501	151.11247
26	446	447	0.878787790909091	45.70525	9.66167	45.51582	9.21317
26	446	448	0.878787790909091	45.70525	9.66167	45.51582	9.21317
26	447	446	0.8939393045454546	45.51582	9.21317	45.70525	9.66167
26	447	448	0.8939393045454546	45.51582	9.21317	45.51582	9.21317
26	448	446	0.9090908181818182	45.51582	9.21317	45.70525	9.66167
26	448	447	0.9090908181818182	45.51582	9.21317	45.51582	9.21317
26	449	2	0.9242423318181818	50.80705	8.76998	53.14737	8.18182
26	450	451	0.9393938454545455	52.52186	13.37979	52.52186	13.37979
26	451	450	0.9545453590909091	52.52186	13.37979	52.52186	13.37979
26	453	380	0.9696968727272728	48.82244	2.33122	52.38086	-1.5616400000000001
26	454	455	0.9848483863636365	52.37207	9.73569	52.37207	9.73569
26	455	454	0.9999999	52.37207	9.73569	52.37207	9.73569
27	23	472	0.01612903064516129	-33.9173	151.23136	-33.88396	151.20055
27	39	347	0.03225806129032258	32.11311	34.80335	45.24645	19.85183
27	92	490	0.04838709193548388	32.77636	35.02232	32.77636	35.02232
27	242	466	0.06451612258064517	48.17286	11.57451	48.17286	11.57451
27	252	489	0.08064515322580645	37.87039	-122.25906	37.87039	-122.25906
27	333	497	0.09677418387096776	37.87039	-122.25906	37.87039	-122.25906
27	333	498	0.09677418387096776	37.87039	-122.25906	39.905	116.39139
27	341	501	0.11290321451612904	40.9295	40.27613	13.02322	80.17533
27	347	39	0.12903224516129033	45.24645	19.85183	32.11311	34.80335
27	385	484	0.14516127580645163	47.37814	8.54496	47.37814	8.54496
27	456	457	0.1612903064516129	30.5571	-84.1763	30.5571	-84.1763
27	457	456	0.1774193370967742	30.5571	-84.1763	30.5571	-84.1763
27	458	459	0.1935483677419355	22.31778	87.30909	22.31778	87.30909
27	459	458	0.2096773983870968	22.31778	87.30909	22.31778	87.30909
27	460	461	0.2258064290322581	41.31138	-72.92585	-32.89324	151.70265
27	461	460	0.24193545967741936	-32.89324	151.70265	41.31138	-72.92585
27	462	463	0.25806449032258066	33.65103	73.15615	33.65103	73.15615
27	463	462	0.27419352096774197	33.65103	73.15615	33.65103	73.15615
27	464	465	0.29032255161290327	40.00598	116.32681	40.00598	116.32681
27	465	464	0.3064515822580645	40.00598	116.32681	40.00598	116.32681
27	466	242	0.3225806129032258	48.17286	11.57451	48.17286	11.57451
27	467	468	0.3387096435483871	-25.76769	28.20059	-25.76769	28.20059
27	468	467	0.3548386741935484	-25.76769	28.20059	-25.76769	28.20059
27	469	470	0.3709677048387097	32.87979	-117.23892	32.87979	-117.23892
27	469	471	0.3709677048387097	32.87979	-117.23892	32.87979	-117.23892
27	470	469	0.387096735483871	32.87979	-117.23892	32.87979	-117.23892
27	470	471	0.387096735483871	32.87979	-117.23892	32.87979	-117.23892
27	471	469	0.40322576612903227	32.87979	-117.23892	32.87979	-117.23892
27	471	470	0.40322576612903227	32.87979	-117.23892	32.87979	-117.23892
27	472	473	0.4193547967741936	-33.88396	151.20055	-33.9173	151.23136
27	472	23	0.4193547967741936	-33.88396	151.20055	-33.9173	151.23136
27	473	472	0.4354838274193549	-33.9173	151.23136	-33.88396	151.20055
27	474	475	0.4516128580645162	20.12809	-98.73448	20.12809	-98.73448
27	475	474	0.4677418887096775	20.12809	-98.73448	20.12809	-98.73448
27	476	477	0.4838709193548387	-6.2251900000000004	106.81413	52.51173	13.32667
27	477	476	0.49999995	52.51173	13.32667	-6.2251900000000004	106.81413
27	478	479	0.5161289806451613	40.44289	-79.94494	40.44289	-79.94494
27	479	478	0.5322580112903226	40.44289	-79.94494	40.44289	-79.94494
27	480	481	0.5483870419354839	40.00098	116.32638	40.00098	116.32638
27	481	480	0.5645160725806452	40.00098	116.32638	40.00098	116.32638
27	482	483	0.5806451032258065	52.40247	13.05554	52.40247	13.05554
27	483	482	0.5967741338709678	52.40247	13.05554	52.40247	13.05554
27	484	385	0.612903164516129	47.37814	8.54496	47.37814	8.54496
27	485	486	0.6290321951612904	34.25092	-118.52535	41.70089	-86.23849
27	486	485	0.6451612258064516	41.70089	-86.23849	34.25092	-118.52535
27	487	488	0.661290256451613	39.96927	116.41835	39.9859	116.31616
27	488	487	0.6774192870967742	39.9859	116.31616	39.96927	116.41835
27	489	252	0.6935483177419355	37.87039	-122.25906	37.87039	-122.25906
27	490	92	0.7096773483870968	32.77636	35.02232	32.77636	35.02232
27	491	492	0.7258063790322581	44.79576	-0.61675	46.0541	14.50385
27	492	491	0.7419354096774194	46.0541	14.50385	44.79576	-0.61675
27	493	494	0.7580644403225807	40.85027	-77.84964	40.89735	-74.03108
27	494	493	0.774193470967742	40.89735	-74.03108	40.85027	-77.84964
27	495	496	0.7903225016129033	40	-83.01	40	-83.01
27	496	495	0.8064515322580645	40	-83.01	40	-83.01
27	497	498	0.8225805629032259	37.87039	-122.25906	39.905	116.39139
27	497	333	0.8225805629032259	37.87039	-122.25906	37.87039	-122.25906
27	498	497	0.8387095935483871	39.905	116.39139	37.87039	-122.25906
27	498	333	0.8387095935483871	39.905	116.39139	37.87039	-122.25906
27	499	500	0.8548386241935485	38.27556	-0.6864300000000001	53.94692	-1.05256
27	500	499	0.8709676548387097	53.94692	-1.05256	38.27556	-0.6864300000000001
27	501	341	0.887096685483871	13.02322	80.17533	40.9295	40.27613
27	502	503	0.9032257161290324	36.59751	-121.87457	36.59751	-121.87457
27	503	502	0.9193547467741936	36.59751	-121.87457	36.59751	-121.87457
27	504	505	0.935483777419355	40.41601	-86.92984	40.41601	-86.92984
27	504	506	0.935483777419355	40.41601	-86.92984	40.41601	-86.92984
27	505	504	0.9516128080645162	40.41601	-86.92984	40.41601	-86.92984
27	505	506	0.9516128080645162	40.41601	-86.92984	40.41601	-86.92984
27	506	504	0.9677418387096774	40.41601	-86.92984	40.41601	-86.92984
27	506	505	0.9677418387096774	40.41601	-86.92984	40.41601	-86.92984
27	507	508	0.9838708693548388	33.41796	-111.93239	33.41796	-111.93239
27	508	507	0.9999999	33.41796	-111.93239	33.41796	-111.93239
28	113	526	0.0138888875	47.49795	8.72889	47.49795	8.72889
28	277	519	0.027777775	-23.53066	-46.47822	24.6861	46.71745
28	277	520	0.027777775	-23.53066	-46.47822	24.6861	46.71745
28	277	521	0.027777775	-23.53066	-46.47822	24.6861	46.71745
28	277	281	0.027777775	-23.53066	-46.47822	24.6861	46.71745
28	281	519	0.0416666625	24.6861	46.71745	24.6861	46.71745
28	281	520	0.0416666625	24.6861	46.71745	24.6861	46.71745
28	281	277	0.0416666625	24.6861	46.71745	-23.53066	-46.47822
28	281	521	0.0416666625	24.6861	46.71745	24.6861	46.71745
28	294	511	0.05555555	25.31511	51.43977	25.31511	51.43977
28	315	527	0.0694444375	25.31292	51.51872	25.31292	51.51872
28	315	528	0.0694444375	25.31292	51.51872	25.31292	51.51872
28	315	529	0.0694444375	25.31292	51.51872	42.73003	-73.6786
28	452	524	0.083333325	39.10165	117.16615	28.36223	75.5886
28	452	525	0.083333325	39.10165	117.16615	28.36223	75.5886
28	472	473	0.0972222125	-33.88396	151.20055	-33.88919	151.18973
28	473	472	0.1111111	-33.88919	151.18973	-33.88396	151.20055
28	509	510	0.1249999875	47.65454	-122.30766	63.82001	20.30446
28	510	509	0.138888875	63.82001	20.30446	47.65454	-122.30766
28	511	294	0.1527777625	25.31511	51.43977	25.31511	51.43977
28	512	513	0.16666665	22.33644	114.17307	22.33644	114.17307
28	513	512	0.1805555375	22.33644	114.17307	22.33644	114.17307
28	514	515	0.194444425	28.22878	112.99628	28.22878	112.99628
28	514	516	0.194444425	28.22878	112.99628	28.22878	112.99628
28	515	514	0.2083333125	28.22878	112.99628	28.22878	112.99628
28	515	516	0.2083333125	28.22878	112.99628	28.22878	112.99628
28	515	572	0.2083333125	28.22878	112.99628	-34.81646	138.61865
28	515	516	0.2083333125	28.22878	112.99628	28.22878	112.99628
28	516	514	0.2222222	28.22878	112.99628	28.22878	112.99628
28	516	515	0.2222222	28.22878	112.99628	28.22878	112.99628
28	516	572	0.2222222	28.22878	112.99628	-34.81646	138.61865
28	516	515	0.2222222	28.22878	112.99628	28.22878	112.99628
28	517	518	0.2361110875	31.08245	121.41784	31.08245	121.41784
28	518	517	0.249999975	31.08245	121.41784	31.08245	121.41784
28	519	520	0.2638888625	24.6861	46.71745	24.6861	46.71745
28	519	277	0.2638888625	24.6861	46.71745	-23.53066	-46.47822
28	519	521	0.2638888625	24.6861	46.71745	24.6861	46.71745
28	519	281	0.2638888625	24.6861	46.71745	24.6861	46.71745
28	520	519	0.27777775	24.6861	46.71745	24.6861	46.71745
28	520	277	0.27777775	24.6861	46.71745	-23.53066	-46.47822
28	520	521	0.27777775	24.6861	46.71745	24.6861	46.71745
28	520	281	0.27777775	24.6861	46.71745	24.6861	46.71745
28	521	519	0.2916666375	24.6861	46.71745	24.6861	46.71745
28	521	520	0.2916666375	24.6861	46.71745	24.6861	46.71745
28	521	277	0.2916666375	24.6861	46.71745	-23.53066	-46.47822
28	521	281	0.2916666375	24.6861	46.71745	24.6861	46.71745
28	522	523	0.305555525	42.438	-76.46516	39.02901	-76.96287
28	523	522	0.3194444125	39.02901	-76.96287	42.438	-76.46516
28	524	452	0.3333333	28.36223	75.5886	39.10165	117.16615
28	524	525	0.3333333	28.36223	75.5886	28.36223	75.5886
28	525	524	0.3472221875	28.36223	75.5886	28.36223	75.5886
28	525	452	0.3472221875	28.36223	75.5886	39.10165	117.16615
28	526	113	0.361111075	47.49795	8.72889	47.49795	8.72889
28	527	528	0.3749999625	25.31292	51.51872	25.31292	51.51872
28	527	315	0.3749999625	25.31292	51.51872	25.31292	51.51872
28	527	529	0.3749999625	25.31292	51.51872	42.73003	-73.6786
28	528	527	0.38888885	25.31292	51.51872	25.31292	51.51872
28	528	315	0.38888885	25.31292	51.51872	25.31292	51.51872
28	528	529	0.38888885	25.31292	51.51872	42.73003	-73.6786
28	529	527	0.4027777375	42.73003	-73.6786	25.31292	51.51872
28	529	528	0.4027777375	42.73003	-73.6786	25.31292	51.51872
28	529	315	0.4027777375	42.73003	-73.6786	25.31292	51.51872
28	530	531	0.416666625	3.14873	101.72207	3.14873	101.72207
28	530	532	0.416666625	3.14873	101.72207	3.14873	101.72207
28	531	530	0.4305555125	3.14873	101.72207	3.14873	101.72207
28	531	532	0.4305555125	3.14873	101.72207	3.14873	101.72207
28	532	530	0.4444444	3.14873	101.72207	3.14873	101.72207
28	532	531	0.4444444	3.14873	101.72207	3.14873	101.72207
28	533	534	0.4583332875	28.36223	75.5886	28.36223	75.5886
28	534	533	0.472222175	28.36223	75.5886	28.36223	75.5886
28	535	536	0.4861110625	50.92847	11.58229	27.39846	33.66962
28	535	537	0.4861110625	50.92847	11.58229	27.39846	33.66962
28	536	535	0.49999995	27.39846	33.66962	50.92847	11.58229
28	536	537	0.49999995	27.39846	33.66962	27.39846	33.66962
28	537	535	0.5138888375	27.39846	33.66962	50.92847	11.58229
28	537	536	0.5138888375	27.39846	33.66962	27.39846	33.66962
28	538	539	0.527777725	23.73896	90.38344	-23.55154	-46.6342
28	539	538	0.5416666125	-23.55154	-46.6342	23.73896	90.38344
28	540	541	0.5555555	48.87033	2.27377	48.87033	2.27377
28	541	540	0.5694443875	48.87033	2.27377	48.87033	2.27377
28	542	543	0.583333275	49.48297	8.4642	49.48297	8.4642
28	543	542	0.5972221625	49.48297	8.4642	49.48297	8.4642
28	544	545	0.61111105	39.02901	-76.96287	39.02901	-76.96287
28	545	544	0.6249999375	39.02901	-76.96287	39.02901	-76.96287
28	546	547	0.638888825	34.21919	108.93788	34.21919	108.93788
28	547	546	0.6527777125	34.21919	108.93788	34.21919	108.93788
28	548	549	0.6666666	39.3255	-82.10002	41.68048	-70.40172
28	549	548	0.6805554875000001	41.68048	-70.40172	39.3255	-82.10002
28	550	551	0.694444375	31.30841	120.63708	31.30841	120.63708
28	550	552	0.694444375	31.30841	120.63708	31.30841	120.63708
28	551	550	0.7083332625000001	31.30841	120.63708	31.30841	120.63708
28	551	552	0.7083332625000001	31.30841	120.63708	31.30841	120.63708
28	552	550	0.72222215	31.30841	120.63708	31.30841	120.63708
28	552	551	0.72222215	31.30841	120.63708	31.30841	120.63708
28	553	554	0.7361110375000001	40.42635	-86.92598	40.42635	-86.92598
28	554	553	0.749999925	40.42635	-86.92598	40.42635	-86.92598
28	555	556	0.7638888125000001	-22.95079	-45.43753	50.81489	12.92994
28	556	555	0.7777777	50.81489	12.92994	-22.95079	-45.43753
28	557	558	0.7916665875000001	31.82266	119.97565	31.82266	119.97565
28	558	557	0.805555475	31.82266	119.97565	31.82266	119.97565
28	559	560	0.8194443625000001	32.07898	118.7612	32.03617	118.81482
28	559	561	0.8194443625000001	32.07898	118.7612	44.98016	-93.2371
28	560	559	0.83333325	32.03617	118.81482	32.07898	118.7612
28	560	561	0.83333325	32.03617	118.81482	44.98016	-93.2371
28	561	559	0.8472221375000001	44.98016	-93.2371	32.07898	118.7612
28	561	560	0.8472221375000001	44.98016	-93.2371	32.03617	118.81482
28	562	563	0.861111025	48.57976	7.76482	50.63619	5.563
28	563	562	0.8749999125000001	50.63619	5.563	48.57976	7.76482
28	564	565	0.8888888	-3.74555	-38.57577	-3.74555	-38.57577
28	564	566	0.8888888	-3.74555	-38.57577	-3.74555	-38.57577
28	564	567	0.8888888	-3.74555	-38.57577	48.64199	9.22863
28	565	564	0.9027776875	-3.74555	-38.57577	-3.74555	-38.57577
28	565	566	0.9027776875	-3.74555	-38.57577	-3.74555	-38.57577
28	565	567	0.9027776875	-3.74555	-38.57577	48.64199	9.22863
28	566	564	0.916666575	-3.74555	-38.57577	-3.74555	-38.57577
28	566	565	0.916666575	-3.74555	-38.57577	-3.74555	-38.57577
28	566	567	0.916666575	-3.74555	-38.57577	48.64199	9.22863
28	567	564	0.9305554625	48.64199	9.22863	-3.74555	-38.57577
28	567	565	0.9305554625	48.64199	9.22863	-3.74555	-38.57577
28	567	566	0.9305554625	48.64199	9.22863	-3.74555	-38.57577
28	568	569	0.94444435	41.87344	-87.65026	42.95337	-78.81782
28	569	568	0.9583332375	42.95337	-78.81782	41.87344	-87.65026
28	570	571	0.972222125	39.98937	116.35528	39.98937	116.35528
28	571	570	0.9861110125	39.98937	116.35528	39.98937	116.35528
28	572	515	0.9999999	-34.81646	138.61865	28.22878	112.99628
28	572	516	0.9999999	-34.81646	138.61865	28.22878	112.99628
29	309	582	0.03571428214285714	40.44289	-79.94494	40.44289	-79.94494
29	410	573	0.07142856428571429	33.42091	-111.93319	33.42091	-111.93319
29	462	597	0.10714284642857143	31.46044	74.24385	33.20773	-87.55056
29	573	410	0.14285712857142857	33.42091	-111.93319	33.42091	-111.93319
29	573	596	0.14285712857142857	33.42091	-111.93319	33.42091	-111.93319
29	574	575	0.17857141071428573	38.9077	-77.07268	37.67591	-121.75887
29	575	574	0.21428569285714286	37.67591	-121.75887	38.9077	-77.07268
29	576	577	0.24999997499999999	28.62974	77.373	17.42622	78.44757
29	577	576	0.28571425714285714	17.42622	78.44757	28.62974	77.373
29	578	579	0.3214285392857143	43.30769	-2.01066	41.38704	2.11639
29	579	578	0.35714282142857146	41.38704	2.11639	43.30769	-2.01066
29	580	581	0.39285710357142856	23.06818	113.38559	23.06818	113.38559
29	581	580	0.4285713857142857	23.06818	113.38559	23.06818	113.38559
29	582	309	0.46428566785714287	40.44289	-79.94494	40.44289	-79.94494
29	583	584	0.49999994999999997	1.29524	103.78077	1.29524	103.78077
29	584	583	0.5357142321428572	1.29524	103.78077	1.29524	103.78077
29	585	586	0.5714285142857143	51.75085	-1.2477800000000001	52.51173	13.32667
29	586	585	0.6071427964285714	52.51173	13.32667	51.75085	-1.2477800000000001
29	587	588	0.6428570785714286	31.28445	121.50251	55.86152	-4.24299
29	588	587	0.6785713607142857	55.86152	-4.24299	31.28445	121.50251
29	589	590	0.7142856428571429	48.58028	7.7644400000000005	49.47239	8.48129
29	590	589	0.749999925	49.47239	8.48129	48.58028	7.7644400000000005
29	591	592	0.7857142071428571	40.72936	-73.99596	42.27719	-83.7385
29	591	593	0.7857142071428571	40.72936	-73.99596	37.87039	-122.25906
29	592	591	0.8214284892857143	42.27719	-83.7385	40.72936	-73.99596
29	592	593	0.8214284892857143	42.27719	-83.7385	37.87039	-122.25906
29	593	591	0.8571427714285714	37.87039	-122.25906	40.72936	-73.99596
29	593	592	0.8571427714285714	37.87039	-122.25906	42.27719	-83.7385
29	594	595	0.8928570535714285	35.71125	139.57305	35.55343	139.64786
29	595	594	0.9285713357142857	35.55343	139.64786	35.71125	139.57305
29	596	573	0.9642856178571428	33.42091	-111.93319	33.42091	-111.93319
29	597	462	0.9999998999999999	33.20773	-87.55056	31.46044	74.24385
30	39	604	0.026315786842105265	32.11311	34.80335	32.11311	34.80335
30	92	490	0.05263157368421053	32.77636	35.02232	32.77636	35.02232
30	126	624	0.07894736052631579	34.5932	135.5055	34.5932	135.5055
30	126	625	0.07894736052631579	34.5932	135.5055	35.03	135.76097
30	177	621	0.10526314736842106	37.87039	-122.25906	37.87039	-122.25906
30	361	626	0.13157893421052633	51.49259	7.41506	38.64802	-90.31136
30	451	618	0.15789472105263158	52.51667	13.38333	52.51667	13.38333
30	490	92	0.18421050789473686	32.77636	35.02232	32.77636	35.02232
30	525	627	0.21052629473684212	28.36223	75.5886	39.10165	117.16615
30	598	599	0.23684208157894737	23.05589	113.40093	23.05589	113.40093
30	599	598	0.26315786842105265	23.05589	113.40093	23.05589	113.40093
30	600	601	0.28947365526315794	40.44289	-79.94494	39.99065	116.30423
30	600	602	0.28947365526315794	40.44289	-79.94494	42.09065	-75.96912
30	600	603	0.28947365526315794	40.44289	-79.94494	-22.91238	-43.1741
30	601	600	0.31578944210526316	39.99065	116.30423	40.44289	-79.94494
30	601	602	0.31578944210526316	39.99065	116.30423	42.09065	-75.96912
30	601	603	0.31578944210526316	39.99065	116.30423	-22.91238	-43.1741
30	602	600	0.34210522894736844	42.09065	-75.96912	40.44289	-79.94494
30	602	601	0.34210522894736844	42.09065	-75.96912	39.99065	116.30423
30	602	603	0.34210522894736844	42.09065	-75.96912	-22.91238	-43.1741
30	603	600	0.3684210157894737	-22.91238	-43.1741	40.44289	-79.94494
30	603	601	0.3684210157894737	-22.91238	-43.1741	39.99065	116.30423
30	603	602	0.3684210157894737	-22.91238	-43.1741	42.09065	-75.96912
30	604	39	0.39473680263157895	32.11311	34.80335	32.11311	34.80335
30	605	606	0.42105258947368424	40.60711	-75.37814	33.8359	-84.3759
30	605	607	0.42105258947368424	40.60711	-75.37814	33.8359	-84.3759
30	606	605	0.4473683763157895	33.8359	-84.3759	40.60711	-75.37814
30	606	607	0.4473683763157895	33.8359	-84.3759	33.8359	-84.3759
30	607	605	0.47368416315789474	33.8359	-84.3759	40.60711	-75.37814
30	607	606	0.47368416315789474	33.8359	-84.3759	33.8359	-84.3759
30	608	609	0.49999995	28.17311	112.92429	28.17311	112.92429
30	609	608	0.5263157368421053	28.17311	112.92429	28.17311	112.92429
30	610	611	0.5526315236842105	30.0275	-90.06695	30.0275	-90.06695
30	611	610	0.5789473105263159	30.0275	-90.06695	30.0275	-90.06695
30	612	613	0.6052630973684211	47.3765	8.54723	47.3765	8.54723
30	612	614	0.6052630973684211	47.3765	8.54723	47.3765	8.54723
30	613	612	0.6315788842105263	47.3765	8.54723	47.3765	8.54723
30	613	614	0.6315788842105263	47.3765	8.54723	47.3765	8.54723
30	614	612	0.6578946710526317	47.3765	8.54723	47.3765	8.54723
30	614	613	0.6578946710526317	47.3765	8.54723	47.3765	8.54723
30	615	616	0.6842104578947369	13.01944	77.56674	13.01944	77.56674
30	615	617	0.6842104578947369	13.01944	77.56674	13.01944	77.56674
30	616	615	0.7105262447368421	13.01944	77.56674	13.01944	77.56674
30	616	617	0.7105262447368421	13.01944	77.56674	13.01944	77.56674
30	617	615	0.7368420315789475	13.01944	77.56674	13.01944	77.56674
30	617	616	0.7368420315789475	13.01944	77.56674	13.01944	77.56674
30	618	451	0.7631578184210527	52.51667	13.38333	52.51667	13.38333
30	619	620	0.7894736052631579	39.96134	116.35508	39.96134	116.35508
30	620	619	0.8157893921052632	39.96134	116.35508	39.96134	116.35508
30	621	177	0.8421051789473685	37.87039	-122.25906	37.87039	-122.25906
30	622	623	0.8684209657894737	48.80667	2.33528	44.80838	-0.5968300000000001
30	623	622	0.894736752631579	44.80838	-0.5968300000000001	48.80667	2.33528
30	624	625	0.9210525394736843	34.5932	135.5055	35.03	135.76097
30	624	126	0.9210525394736843	34.5932	135.5055	34.5932	135.5055
30	625	624	0.9473683263157895	35.03	135.76097	34.5932	135.5055
30	625	126	0.9473683263157895	35.03	135.76097	34.5932	135.5055
30	626	361	0.9736841131578948	38.64802	-90.31136	51.49259	7.41506
30	627	525	0.9999999	39.10165	117.16615	28.36223	75.5886
